param info_asset_poi :=
150
;

param wind_poi :=
85
;

param wind_cost :=
213.5663
;

param wind_cost_inter :=
0.0
;

param wind_cost_fix :=
1.3
;

param wind_cost_variable :=
0.0001
;

param wind_size_fix :=
100
;

param battery_poi :=
85
;

param battery_cost_power :=
42.7133
;

param battery_cost_capacity :=
30.6112
;

param battery_cost_fix :=
0.0025
;

param battery_cost_variable :=
10
;

param battery_rte :=
0.85
;

param battery_power_fix :=
100
;

param battery_duration_fix :=
4
;


set PERIOD :=
0 
1 
2 
3 
4 
5 
6 
7 
8 
9 
10 
11 
12 
13 
14 
15 
16 
17 
18 
19 
20 
21 
22 
23 
24 
25 
26 
27 
28 
29 
30 
31 
32 
33 
34 
35 
36 
37 
38 
39 
40 
41 
42 
43 
44 
45 
46 
47 
48 
49 
50 
51 
52 
53 
54 
55 
56 
57 
58 
59 
60 
61 
62 
63 
64 
65 
66 
67 
68 
69 
70 
71 
72 
73 
74 
75 
76 
77 
78 
79 
80 
81 
82 
83 
84 
85 
86 
87 
88 
89 
90 
91 
92 
93 
94 
95 
96 
97 
98 
99 
100 
101 
102 
103 
104 
105 
106 
107 
108 
109 
110 
111 
112 
113 
114 
115 
116 
117 
118 
119 
120 
121 
122 
123 
124 
125 
126 
127 
128 
129 
130 
131 
132 
133 
134 
135 
136 
137 
138 
139 
140 
141 
142 
143 
144 
145 
146 
147 
148 
149 
150 
151 
152 
153 
154 
155 
156 
157 
158 
159 
160 
161 
162 
163 
164 
165 
166 
167 
168 
169 
170 
171 
172 
173 
174 
175 
176 
177 
178 
179 
180 
181 
182 
183 
184 
185 
186 
187 
188 
189 
190 
191 
192 
193 
194 
195 
196 
197 
198 
199 
200 
201 
202 
203 
204 
205 
206 
207 
208 
209 
210 
211 
212 
213 
214 
215 
216 
217 
218 
219 
220 
221 
222 
223 
224 
225 
226 
227 
228 
229 
230 
231 
232 
233 
234 
235 
236 
237 
238 
239 
;

param lmp :=
0 34.0272
1 32.2554
2 33.489
3 32.7913
4 34.1064
5 36.8714
6 40.348
7 38.2496
8 29.2319
9 22.1124
10 16.6285
11 14.519
12 12.729
13 12.1318
14 17.7443
15 29.8177
16 40.3277
17 56.7319
18 48.504
19 46.2348
20 44.6067
21 41.6414
22 37.6238
23 35.4154
24 33.2298
25 31.7439
26 32.2345
27 31.9919
28 32.4141
29 35.0872
30 38.8543
31 34.9535
32 27.6232
33 21.1036
34 17.8993
35 15.4053
36 12.7465
37 13.6094
38 16.5017
39 29.1876
40 40.6284
41 53.5566
42 47.6214
43 44.2518
44 43.2541
45 40.0
46 37.0748
47 34.4503
48 30.9501
49 31.0
50 30.8043
51 30.7526
52 31.1807
53 33.7212
54 37.3131
55 33.6359
56 27.1588
57 21.17
58 16.8694
59 15.5876
60 15.366
61 14.6213
62 18.513
63 30.9148
64 40.7354
65 59.0035
66 51.4216
67 45.6032
68 42.7359
69 38.8806
70 36.9274
71 33.8405
72 30.4047
73 30.1392
74 29.6539
75 29.7679
76 31.2015
77 36.8077
78 47.2951
79 53.2913
80 36.547
81 30.9244
82 30.8074
83 29.1724
84 26.5126
85 25.8476
86 27.9217
87 31.9965
88 39.87
89 60.5257
90 61.8682
91 48.8505
92 45.0287
93 38.7591
94 33.8922
95 32.0504
96 28.7814
97 27.884
98 26.8131
99 27.0356
100 28.0145
101 31.6799
102 41.4692
103 51.0071
104 33.515
105 28.3412
106 25.3333
107 24.2721
108 22.988
109 23.3971
110 26.8509
111 38.6859
112 46.2705
113 65.9065
114 60.1544
115 51.8578
116 44.149
117 38.6357
118 34.47
119 32.8353
120 29.4943
121 28.8418
122 28.5374
123 28.924
124 30.3893
125 35.7732
126 42.3623
127 50.2641
128 34.84
129 30.3796
130 28.1437
131 26.4391
132 24.9604
133 25.0846
134 28.0342
135 33.1154
136 45.1666
137 59.9009
138 52.0796
139 46.3897
140 40.6269
141 37.8676
142 34.2978
143 32.1557
144 29.0888
145 28.5173
146 27.6033
147 28.2004
148 30.3531
149 35.6961
150 45.6641
151 47.1055
152 35.034
153 31.2829
154 29.2586
155 27.2732
156 25.2986
157 25.6934
158 28.6316
159 32.5282
160 43.3058
161 58.324
162 53.0654
163 46.738
164 41.7253
165 38.3122
166 35.57
167 32.7
168 31.7926
169 30.6571
170 30.1929
171 30.4174
172 31.0641
173 36.6688
174 45.4348
175 46.0859
176 34.7322
177 30.946
178 26.5041
179 24.2287
180 21.7994
181 20.0001
182 22.284
183 28.3039
184 39.0821
185 47.8723
186 43.5188
187 39.5049
188 37.3737
189 35.858
190 33.003
191 31.7573
192 32.1873
193 31.005
194 29.7049
195 29.8345
196 31.0896
197 35.5503
198 40.2792
199 38.9121
200 31.3571
201 28.0793
202 22.9813
203 19.7696
204 15.2537
205 14.2388
206 19.7448
207 28.934
208 36.9617
209 53.87
210 48.9025
211 42.6242
212 39.9019
213 38.2239
214 34.3462
215 33.0017
216 32.9124
217 31.6316
218 32.3369
219 31.7152
220 31.8101
221 34.6864
222 39.8606
223 36.0059
224 29.8689
225 25.5648
226 19.4494
227 16.1734
228 12.9256
229 11.2564
230 18.3076
231 27.2095
232 36.6244
233 51.1793
234 49.7839
235 42.2252
236 40.61
237 38.126
238 34.1472
239 32.486
;

param wind :=
0 0.7576
1 0.6165
2 0.5798
3 0.5798
4 0.6535
5 0.8134
6 0.8664
7 0.8664
8 0.7873
9 0.725
10 0.7576
11 0.8532
12 0.8532
13 0.8355
14 0.8134
15 0.8355
16 0.8532
17 0.8355
18 0.8532
19 0.8601
20 0.8024
21 0.7458
22 0.7458
23 0.7757
24 0.8024
25 0.8024
26 0.7132
27 0.5638
28 0.3331
29 0.1299
30 0.0283
31 0.0
32 0.0283
33 0.0561
34 0.0561
35 0.0438
36 0.0283
37 0.0
38 0.0
39 0.0
40 0.0
41 0.0
42 0.0
43 0.0
44 0.0663
45 0.1039
46 0.1299
47 0.1463
48 0.1463
49 0.1463
50 0.1652
51 0.1867
52 0.2379
53 0.3689
54 0.4843
55 0.6413
56 0.7458
57 0.7757
58 0.7757
59 0.7132
60 0.5638
61 0.4449
62 0.4449
63 0.4843
64 0.4843
65 0.4843
66 0.5241
67 0.5241
68 0.4843
69 0.4063
70 0.3331
71 0.2991
72 0.2991
73 0.3331
74 0.3331
75 0.2673
76 0.2991
77 0.3689
78 0.4843
79 0.6413
80 0.7757
81 0.8257
82 0.8024
83 0.7757
84 0.7458
85 0.6413
86 0.6031
87 0.4843
88 0.3689
89 0.2991
90 0.3331
91 0.3689
92 0.4063
93 0.4449
94 0.4449
95 0.5241
96 0.5638
97 0.6031
98 0.6413
99 0.6782
100 0.6413
101 0.6782
102 0.6782
103 0.7132
104 0.7757
105 0.6413
106 0.5241
107 0.4843
108 0.6413
109 0.8601
110 0.8134
111 0.69
112 0.6165
113 0.6165
114 0.6535
115 0.7576
116 0.8134
117 0.8355
118 0.8355
119 0.8355
120 0.8355
121 0.8532
122 0.8782
123 0.8257
124 0.6031
125 0.3331
126 0.1652
127 0.0935
128 0.0561
129 0.0561
130 0.0754
131 0.0754
132 0.0754
133 0.1039
134 0.1463
135 0.1463
136 0.1159
137 0.1039
138 0.0754
139 0.0561
140 0.0663
141 0.1159
142 0.3331
143 0.7132
144 0.8769
145 0.8134
146 0.7576
147 0.6165
148 0.6165
149 0.7873
150 0.7576
151 0.5798
152 1.0
153 1.0
154 0.5449
155 0.725
156 0.8747
157 0.8257
158 0.7132
159 0.6413
160 0.5638
161 0.5241
162 0.4843
163 0.4063
164 0.3689
165 0.2991
166 0.2991
167 0.2991
168 0.2673
169 0.2673
170 0.3331
171 0.5638
172 0.8257
173 0.8769
174 0.8708
175 0.845
176 0.845
177 0.8024
178 0.7458
179 0.6413
180 0.6031
181 0.5638
182 0.5638
183 0.6031
184 0.6031
185 0.6413
186 0.7757
187 0.8257
188 0.8024
189 0.7458
190 0.3689
191 0.0935
192 0.0754
193 0.0842
194 0.0842
195 0.0754
196 0.1159
197 0.2379
198 0.2991
199 0.211
200 0.1159
201 0.0561
202 0.0561
203 0.0842
204 0.0754
205 0.0438
206 0.0
207 0.0
208 0.0
209 0.0
210 0.0935
211 0.1652
212 0.1867
213 0.211
214 0.211
215 0.2379
216 0.2673
217 0.211
218 0.211
219 0.2673
220 0.2673
221 0.1867
222 0.1299
223 0.1159
224 0.1463
225 0.1867
226 0.2379
227 0.3331
228 0.3689
229 0.4449
230 0.5241
231 0.6031
232 0.7132
233 0.8601
234 0.8664
235 0.8532
236 0.8664
237 0.8769
238 0.8769
239 0.8355
;

